"Date","Amount","Reference","Description","Particulars","Balance"
"06/11/18",-315000,NA,"Drawdown To MTS 12-3109-","0110549-002 ",-315000
"15/11/18",-314.56,NA,"Loan Interest To 14/11/2","018         ",-315314.56
"15/11/18",314.56,NA,"Payment Ex: 70015100647 ","Repayment   ",-315000
"15/12/18",-1048.56,NA,"Loan Interest To 14/12/2","018         ",-316048.56
"15/12/18",1512.94,NA,"Payment Ex: 70015100647 ","Repayment   ",-314535.62
"15/01/19",-1081.91,NA,"Loan Interest To 14/01/2","019         ",-315617.53
"15/01/19",1512.94,NA,"Payment Ex: 70015100647 ","Repayment   ",-314104.59
"02/02/19",24535.62,NA,"transfer from 47 account","            ",-289568.97
"15/02/19",-1045.04,NA,"Loan Interest To 14/02/2","019         ",-290614.01
"15/02/19",1512.94,NA,"Payment Ex: 70015100647 ","Repayment   ",-289101.07
