"Date","Amount","Reference","Description","Particulars","Balance"
"06/11/18",-315000,NA,"Drawdown To MTS 12-3109-","0110549-002 ",-315000
"15/11/18",-320,NA,"Loan Interest To 14/11/2","018         ",-315320
"15/11/18",320,NA,"Payment Ex: 70015100647 ","Repayment   ",-315000
"15/12/18",-1066.68,NA,"Loan Interest To 14/12/2","018         ",-316066.68
"15/12/18",1525.73,NA,"Payment Ex: 70015100647 ","Repayment   ",-314540.95
"15/01/19",-1100.63,NA,"Loan Interest To 14/01/2","019         ",-315641.58
"15/01/19",1525.73,NA,"Payment Ex: 70015100647 ","Repayment   ",-314115.85
"02/02/19",14540.95,NA,"transfer from 47 account","            ",-299574.9
"15/02/19",-1077.8,NA,"Loan Interest To 14/02/2","019         ",-300652.7
"15/02/19",1525.73,NA,"Payment Ex: 70015100647 ","Repayment   ",-299126.97
